+923091859690827
+923095213060884
+923098532841674
+923096343513302
+923095806222516
+923093897349902
+923094890133848
+923095154942273
+923098589848455
+923090940639332
+923094350661672
+923097113189532
+923344699001128
+923340707161219
+923346058836798
+923340795558716
+923341098211034
+923343841076656
+923340642496379
+923345482047176
+923345726117165
+923348157581748
+923344408625686
+923349178398382
+923349966701358
+923343424384216
+923341461613291
+923344544771045
+923344355162235
+923346688240104
+923346806892321
+923341452918193
+923346252811553
+923345350975028
+923349401576391
+923340723716944
+923341488383382
+923347007086639
+923349262205383
+923343479733235
+923341100675471
+923346831283771
+263790557964368
+263796480664890
+263890648074480
+263800648580065
+2637907557536654
+2634618417173600

